[[-0.0169069   0.03371459 -0.05032442 ...  0.05032442  0.03371459
   0.0169069 ]
 [-0.03371459  0.06663893 -0.09800132 ... -0.09800132 -0.06663893
  -0.03371459]
 [-0.05032442  0.09800132 -0.14052245 ...  0.14052245  0.09800132
   0.05032442]
 ...
 [-0.05032442 -0.09800132 -0.14052245 ... -0.14052245  0.09800132
  -0.05032442]
 [-0.03371459 -0.06663893 -0.09800132 ...  0.09800132 -0.06663893
   0.03371459]
 [-0.0169069  -0.03371459 -0.05032442 ... -0.05032442  0.03371459
  -0.0169069 ]]